x_bias=-0.1573280859499988
y_bias=-0.324825667949999
z_bias=0.0472582463500002
xbody_bias=-0.14535606174430465
ybody_bias=0.019198195502905024
zbody_bias=-0.03557103213988119
x_var=0.0002925137238457712
y_var=0.0045616252173832465
z_var=0.001007123006450363
gravity estimate=9.707382426295101
x_bias=0.06520441584999936
y_bias=-0.32273194817499995
z_bias=0.009571290399999377
xbody_bias=0.011600951704311335
ybody_bias=-0.11797608566342639
zbody_bias=-0.06719903548798509
x_var=0.01042739249190667
y_var=0.02164121940660695
z_var=0.011746931306156274
gravity estimate=9.80920263824375
