x_bias=-0.14917000000000002
y_bias=-0.11137000000000001
z_bias=-0.36960000000000004
x_scale=1.3960581886438292
y_scale=1.91021539773939
z_scale=0.5672348484848485
x_bias=-0.26852000000000004
y_bias=-0.17570000000000002
z_bias=-0.13636
x_scale=0.5703858185610009
y_scale=1.1373366694467613
z_scale=1.3280287474332648
x_bias=-0.13034
y_bias=-0.19221999999999997
z_bias=-0.11739000000000002
x_scale=1.6811672037235945
y_scale=0.7578934683056159
z_scale=1.2476644802226193
